row_index,FINANCIAL_YEAR_MONTH,FIRST_HOME_OWNER_GRANT_NUMBER,FIRST_HOME_OWNER_GRANT_VALUE,FIRST_HOME_OWNER_BOOST_NUMBER,FIRST_HOME_OWNER_BOOST_VALUE,FIRST_HOME_BONUS_NUMBER,FIRST_HOME_BONUS_VALUE,FIRST_HOME_OWNER_REGIONAL_BONUS_NUMBER,FIRST_HOME_OWNER_REGIONAL_BONUS_VALUE,CATEGORY,POSTCODE
1,Jul 2000,0.0,0.0,0.0,0.0,0.0,0.0,0.0,0.0,FIRST HOME OWNER STATISTICS FOR ESTABLISHED HOMES,3401
2,Aug 2000,4.0,28000.0,0.0,0.0,0.0,0.0,0.0,0.0,FIRST HOME OWNER STATISTICS FOR ESTABLISHED HOMES,3401
3,Sep 2000,1.0,7000.0,0.0,0.0,0.0,0.0,0.0,0.0,FIRST HOME OWNER STATISTICS FOR ESTABLISHED HOMES,3401
4,Oct 2000,2.0,14000.0,0.0,0.0,0.0,0.0,0.0,0.0,FIRST HOME OWNER STATISTICS FOR ESTABLISHED HOMES,3401
5,Nov 2000,1.0,7000.0,0.0,0.0,0.0,0.0,0.0,0.0,FIRST HOME OWNER STATISTICS FOR ESTABLISHED HOMES,3401
6,Dec 2000,2.0,14000.0,0.0,0.0,0.0,0.0,0.0,0.0,FIRST HOME OWNER STATISTICS FOR ESTABLISHED HOMES,3401
7,Jan 2001,2.0,14000.0,0.0,0.0,0.0,0.0,0.0,0.0,FIRST HOME OWNER STATISTICS FOR ESTABLISHED HOMES,3401
8,Feb 2001,2.0,14000.0,0.0,0.0,0.0,0.0,0.0,0.0,FIRST HOME OWNER STATISTICS FOR ESTABLISHED HOMES,3401
9,Mar 2001,0.0,0.0,0.0,0.0,0.0,0.0,0.0,0.0,FIRST HOME OWNER STATISTICS FOR ESTABLISHED HOMES,3401
10,Apr 2001,1.0,7000.0,0.0,0.0,0.0,0.0,0.0,0.0,FIRST HOME OWNER STATISTICS FOR ESTABLISHED HOMES,3401
11,May 2001,1.0,7000.0,0.0,0.0,0.0,0.0,0.0,0.0,FIRST HOME OWNER STATISTICS FOR ESTABLISHED HOMES,3401
12,Jun 2001,2.0,14000.0,0.0,0.0,0.0,0.0,0.0,0.0,FIRST HOME OWNER STATISTICS FOR ESTABLISHED HOMES,3401
15,Jul 2001,3.0,21000.0,0.0,0.0,0.0,0.0,0.0,0.0,FIRST HOME OWNER STATISTICS FOR ESTABLISHED HOMES,3401
16,Aug 2001,3.0,21000.0,0.0,0.0,0.0,0.0,0.0,0.0,FIRST HOME OWNER STATISTICS FOR ESTABLISHED HOMES,3401
17,Sep 2001,1.0,7000.0,0.0,0.0,0.0,0.0,0.0,0.0,FIRST HOME OWNER STATISTICS FOR ESTABLISHED HOMES,3401
18,Oct 2001,1.0,7000.0,0.0,0.0,0.0,0.0,0.0,0.0,FIRST HOME OWNER STATISTICS FOR ESTABLISHED HOMES,3401
19,Nov 2001,0.0,0.0,0.0,0.0,0.0,0.0,0.0,0.0,FIRST HOME OWNER STATISTICS FOR ESTABLISHED HOMES,3401
20,Dec 2001,2.0,14000.0,0.0,0.0,0.0,0.0,0.0,0.0,FIRST HOME OWNER STATISTICS FOR ESTABLISHED HOMES,3401
21,Jan 2002,1.0,7000.0,0.0,0.0,0.0,0.0,0.0,0.0,FIRST HOME OWNER STATISTICS FOR ESTABLISHED HOMES,3401
22,Feb 2002,3.0,21000.0,0.0,0.0,0.0,0.0,0.0,0.0,FIRST HOME OWNER STATISTICS FOR ESTABLISHED HOMES,3401
23,Mar 2002,1.0,7000.0,0.0,0.0,0.0,0.0,0.0,0.0,FIRST HOME OWNER STATISTICS FOR ESTABLISHED HOMES,3401
24,Apr 2002,1.0,7000.0,0.0,0.0,0.0,0.0,0.0,0.0,FIRST HOME OWNER STATISTICS FOR ESTABLISHED HOMES,3401
25,May 2002,1.0,7000.0,0.0,0.0,0.0,0.0,0.0,0.0,FIRST HOME OWNER STATISTICS FOR ESTABLISHED HOMES,3401
26,Jun 2002,0.0,0.0,0.0,0.0,0.0,0.0,0.0,0.0,FIRST HOME OWNER STATISTICS FOR ESTABLISHED HOMES,3401
29,Jul 2002,1.0,7000.0,0.0,0.0,0.0,0.0,0.0,0.0,FIRST HOME OWNER STATISTICS FOR ESTABLISHED HOMES,3401
30,Aug 2002,2.0,14000.0,0.0,0.0,0.0,0.0,0.0,0.0,FIRST HOME OWNER STATISTICS FOR ESTABLISHED HOMES,3401
31,Sep 2002,1.0,7000.0,0.0,0.0,0.0,0.0,0.0,0.0,FIRST HOME OWNER STATISTICS FOR ESTABLISHED HOMES,3401
32,Oct 2002,2.0,14000.0,0.0,0.0,0.0,0.0,0.0,0.0,FIRST HOME OWNER STATISTICS FOR ESTABLISHED HOMES,3401
33,Nov 2002,1.0,7000.0,0.0,0.0,0.0,0.0,0.0,0.0,FIRST HOME OWNER STATISTICS FOR ESTABLISHED HOMES,3401
34,Dec 2002,0.0,0.0,0.0,0.0,0.0,0.0,0.0,0.0,FIRST HOME OWNER STATISTICS FOR ESTABLISHED HOMES,3401
35,Jan 2003,0.0,0.0,0.0,0.0,0.0,0.0,0.0,0.0,FIRST HOME OWNER STATISTICS FOR ESTABLISHED HOMES,3401
36,Feb 2003,3.0,21000.0,0.0,0.0,0.0,0.0,0.0,0.0,FIRST HOME OWNER STATISTICS FOR ESTABLISHED HOMES,3401
37,Mar 2003,0.0,0.0,0.0,0.0,0.0,0.0,0.0,0.0,FIRST HOME OWNER STATISTICS FOR ESTABLISHED HOMES,3401
38,Apr 2003,4.0,28000.0,0.0,0.0,0.0,0.0,0.0,0.0,FIRST HOME OWNER STATISTICS FOR ESTABLISHED HOMES,3401
39,May 2003,1.0,7000.0,0.0,0.0,0.0,0.0,0.0,0.0,FIRST HOME OWNER STATISTICS FOR ESTABLISHED HOMES,3401
40,Jun 2003,0.0,0.0,0.0,0.0,0.0,0.0,0.0,0.0,FIRST HOME OWNER STATISTICS FOR ESTABLISHED HOMES,3401
43,Jul 2003,0.0,0.0,0.0,0.0,0.0,0.0,0.0,0.0,FIRST HOME OWNER STATISTICS FOR ESTABLISHED HOMES,3401
44,Aug 2003,0.0,0.0,0.0,0.0,0.0,0.0,0.0,0.0,FIRST HOME OWNER STATISTICS FOR ESTABLISHED HOMES,3401
45,Sep 2003,0.0,0.0,0.0,0.0,0.0,0.0,0.0,0.0,FIRST HOME OWNER STATISTICS FOR ESTABLISHED HOMES,3401
46,Oct 2003,2.0,14000.0,0.0,0.0,0.0,0.0,0.0,0.0,FIRST HOME OWNER STATISTICS FOR ESTABLISHED HOMES,3401
47,Nov 2003,0.0,0.0,0.0,0.0,0.0,0.0,0.0,0.0,FIRST HOME OWNER STATISTICS FOR ESTABLISHED HOMES,3401
48,Dec 2003,0.0,0.0,0.0,0.0,0.0,0.0,0.0,0.0,FIRST HOME OWNER STATISTICS FOR ESTABLISHED HOMES,3401
49,Jan 2004,1.0,7000.0,0.0,0.0,0.0,0.0,0.0,0.0,FIRST HOME OWNER STATISTICS FOR ESTABLISHED HOMES,3401
50,Feb 2004,1.0,7000.0,0.0,0.0,0.0,0.0,0.0,0.0,FIRST HOME OWNER STATISTICS FOR ESTABLISHED HOMES,3401
51,Mar 2004,0.0,0.0,0.0,0.0,0.0,0.0,0.0,0.0,FIRST HOME OWNER STATISTICS FOR ESTABLISHED HOMES,3401
52,Apr 2004,2.0,14000.0,0.0,0.0,0.0,0.0,0.0,0.0,FIRST HOME OWNER STATISTICS FOR ESTABLISHED HOMES,3401
53,May 2004,0.0,0.0,0.0,0.0,0.0,0.0,0.0,0.0,FIRST HOME OWNER STATISTICS FOR ESTABLISHED HOMES,3401
54,Jun 2004,0.0,0.0,0.0,0.0,0.0,0.0,0.0,0.0,FIRST HOME OWNER STATISTICS FOR ESTABLISHED HOMES,3401
57,Jul 2004,2.0,14000.0,0.0,0.0,2.0,10000.0,0.0,0.0,FIRST HOME OWNER STATISTICS FOR ESTABLISHED HOMES,3401
58,Aug 2004,1.0,7000.0,0.0,0.0,1.0,5000.0,0.0,0.0,FIRST HOME OWNER STATISTICS FOR ESTABLISHED HOMES,3401
59,Sep 2004,0.0,0.0,0.0,0.0,0.0,0.0,0.0,0.0,FIRST HOME OWNER STATISTICS FOR ESTABLISHED HOMES,3401
60,Oct 2004,0.0,0.0,0.0,0.0,0.0,0.0,0.0,0.0,FIRST HOME OWNER STATISTICS FOR ESTABLISHED HOMES,3401
61,Nov 2004,1.0,7000.0,0.0,0.0,1.0,5000.0,0.0,0.0,FIRST HOME OWNER STATISTICS FOR ESTABLISHED HOMES,3401
62,Dec 2004,2.0,14000.0,0.0,0.0,2.0,10000.0,0.0,0.0,FIRST HOME OWNER STATISTICS FOR ESTABLISHED HOMES,3401
63,Jan 2005,0.0,0.0,0.0,0.0,0.0,0.0,0.0,0.0,FIRST HOME OWNER STATISTICS FOR ESTABLISHED HOMES,3401
64,Feb 2005,0.0,0.0,0.0,0.0,0.0,0.0,0.0,0.0,FIRST HOME OWNER STATISTICS FOR ESTABLISHED HOMES,3401
65,Mar 2005,0.0,0.0,0.0,0.0,0.0,0.0,0.0,0.0,FIRST HOME OWNER STATISTICS FOR ESTABLISHED HOMES,3401
66,Apr 2005,0.0,0.0,0.0,0.0,0.0,0.0,0.0,0.0,FIRST HOME OWNER STATISTICS FOR ESTABLISHED HOMES,3401
67,May 2005,0.0,0.0,0.0,0.0,0.0,0.0,0.0,0.0,FIRST HOME OWNER STATISTICS FOR ESTABLISHED HOMES,3401
68,Jun 2005,0.0,0.0,0.0,0.0,0.0,0.0,0.0,0.0,FIRST HOME OWNER STATISTICS FOR ESTABLISHED HOMES,3401
71,Jul 2005,0.0,0.0,0.0,0.0,0.0,0.0,0.0,0.0,FIRST HOME OWNER STATISTICS FOR ESTABLISHED HOMES,3401
72,Aug 2005,3.0,21000.0,0.0,0.0,2.0,10000.0,0.0,0.0,FIRST HOME OWNER STATISTICS FOR ESTABLISHED HOMES,3401
73,Sep 2005,2.0,14000.0,0.0,0.0,2.0,10000.0,0.0,0.0,FIRST HOME OWNER STATISTICS FOR ESTABLISHED HOMES,3401
74,Oct 2005,1.0,7000.0,0.0,0.0,1.0,5000.0,0.0,0.0,FIRST HOME OWNER STATISTICS FOR ESTABLISHED HOMES,3401
75,Nov 2005,0.0,0.0,0.0,0.0,0.0,0.0,0.0,0.0,FIRST HOME OWNER STATISTICS FOR ESTABLISHED HOMES,3401
76,Dec 2005,3.0,21000.0,0.0,0.0,3.0,15000.0,0.0,0.0,FIRST HOME OWNER STATISTICS FOR ESTABLISHED HOMES,3401
77,Jan 2006,1.0,7000.0,0.0,0.0,1.0,5000.0,0.0,0.0,FIRST HOME OWNER STATISTICS FOR ESTABLISHED HOMES,3401
78,Feb 2006,0.0,0.0,0.0,0.0,0.0,0.0,0.0,0.0,FIRST HOME OWNER STATISTICS FOR ESTABLISHED HOMES,3401
79,Mar 2006,2.0,14000.0,0.0,0.0,1.0,3000.0,0.0,0.0,FIRST HOME OWNER STATISTICS FOR ESTABLISHED HOMES,3401
80,Apr 2006,3.0,21000.0,0.0,0.0,3.0,11000.0,0.0,0.0,FIRST HOME OWNER STATISTICS FOR ESTABLISHED HOMES,3401
81,May 2006,2.0,14000.0,0.0,0.0,2.0,8000.0,0.0,0.0,FIRST HOME OWNER STATISTICS FOR ESTABLISHED HOMES,3401
82,Jun 2006,1.0,7000.0,0.0,0.0,0.0,0.0,0.0,0.0,FIRST HOME OWNER STATISTICS FOR ESTABLISHED HOMES,3401
85,Jul 2006,2.0,14000.0,0.0,0.0,2.0,8000.0,0.0,0.0,FIRST HOME OWNER STATISTICS FOR ESTABLISHED HOMES,3401
86,Aug 2006,1.0,7000.0,0.0,0.0,1.0,3000.0,0.0,0.0,FIRST HOME OWNER STATISTICS FOR ESTABLISHED HOMES,3401
87,Sep 2006,1.0,7000.0,0.0,0.0,1.0,3000.0,0.0,0.0,FIRST HOME OWNER STATISTICS FOR ESTABLISHED HOMES,3401
88,Oct 2006,1.0,7000.0,0.0,0.0,1.0,3000.0,0.0,0.0,FIRST HOME OWNER STATISTICS FOR ESTABLISHED HOMES,3401
89,Nov 2006,2.0,14000.0,0.0,0.0,2.0,8000.0,0.0,0.0,FIRST HOME OWNER STATISTICS FOR ESTABLISHED HOMES,3401
90,Dec 2006,0.0,0.0,0.0,0.0,0.0,0.0,0.0,0.0,FIRST HOME OWNER STATISTICS FOR ESTABLISHED HOMES,3401
91,Jan 2007,0.0,0.0,0.0,0.0,0.0,0.0,0.0,0.0,FIRST HOME OWNER STATISTICS FOR ESTABLISHED HOMES,3401
92,Feb 2007,1.0,7000.0,0.0,0.0,1.0,3000.0,0.0,0.0,FIRST HOME OWNER STATISTICS FOR ESTABLISHED HOMES,3401
93,Mar 2007,2.0,14000.0,0.0,0.0,2.0,6000.0,0.0,0.0,FIRST HOME OWNER STATISTICS FOR ESTABLISHED HOMES,3401
94,Apr 2007,1.0,7000.0,0.0,0.0,1.0,3000.0,0.0,0.0,FIRST HOME OWNER STATISTICS FOR ESTABLISHED HOMES,3401
95,May 2007,0.0,0.0,0.0,0.0,0.0,0.0,0.0,0.0,FIRST HOME OWNER STATISTICS FOR ESTABLISHED HOMES,3401
96,Jun 2007,0.0,0.0,0.0,0.0,0.0,0.0,0.0,0.0,FIRST HOME OWNER STATISTICS FOR ESTABLISHED HOMES,3401
99,Jul 2007,1.0,7000.0,0.0,0.0,1.0,3000.0,0.0,0.0,FIRST HOME OWNER STATISTICS FOR ESTABLISHED HOMES,3401
100,Aug 2007,1.0,7000.0,0.0,0.0,1.0,3000.0,0.0,0.0,FIRST HOME OWNER STATISTICS FOR ESTABLISHED HOMES,3401
101,Sep 2007,1.0,7000.0,0.0,0.0,1.0,3000.0,0.0,0.0,FIRST HOME OWNER STATISTICS FOR ESTABLISHED HOMES,3401
102,Oct 2007,2.0,14000.0,0.0,0.0,2.0,6000.0,0.0,0.0,FIRST HOME OWNER STATISTICS FOR ESTABLISHED HOMES,3401
103,Nov 2007,0.0,0.0,0.0,0.0,0.0,0.0,0.0,0.0,FIRST HOME OWNER STATISTICS FOR ESTABLISHED HOMES,3401
104,Dec 2007,1.0,7000.0,0.0,0.0,1.0,3000.0,0.0,0.0,FIRST HOME OWNER STATISTICS FOR ESTABLISHED HOMES,3401
105,Jan 2008,2.0,14000.0,0.0,0.0,2.0,6000.0,0.0,0.0,FIRST HOME OWNER STATISTICS FOR ESTABLISHED HOMES,3401
106,Feb 2008,0.0,0.0,0.0,0.0,0.0,0.0,0.0,0.0,FIRST HOME OWNER STATISTICS FOR ESTABLISHED HOMES,3401
107,Mar 2008,0.0,0.0,0.0,0.0,0.0,0.0,0.0,0.0,FIRST HOME OWNER STATISTICS FOR ESTABLISHED HOMES,3401
108,Apr 2008,0.0,0.0,0.0,0.0,0.0,0.0,0.0,0.0,FIRST HOME OWNER STATISTICS FOR ESTABLISHED HOMES,3401
109,May 2008,2.0,14000.0,0.0,0.0,2.0,6000.0,0.0,0.0,FIRST HOME OWNER STATISTICS FOR ESTABLISHED HOMES,3401
110,Jun 2008,3.0,21000.0,0.0,0.0,3.0,9000.0,0.0,0.0,FIRST HOME OWNER STATISTICS FOR ESTABLISHED HOMES,3401
113,Jul 2008,2.0,14000.0,0.0,0.0,2.0,6000.0,0.0,0.0,FIRST HOME OWNER STATISTICS FOR ESTABLISHED HOMES,3401
114,Aug 2008,0.0,0.0,0.0,0.0,0.0,0.0,0.0,0.0,FIRST HOME OWNER STATISTICS FOR ESTABLISHED HOMES,3401
115,Sep 2008,1.0,7000.0,0.0,0.0,1.0,3000.0,0.0,0.0,FIRST HOME OWNER STATISTICS FOR ESTABLISHED HOMES,3401
116,Oct 2008,3.0,21000.0,0.0,0.0,3.0,9000.0,0.0,0.0,FIRST HOME OWNER STATISTICS FOR ESTABLISHED HOMES,3401
117,Nov 2008,0.0,0.0,0.0,0.0,0.0,0.0,0.0,0.0,FIRST HOME OWNER STATISTICS FOR ESTABLISHED HOMES,3401
118,Dec 2008,1.0,7000.0,0.0,0.0,1.0,3000.0,0.0,0.0,FIRST HOME OWNER STATISTICS FOR ESTABLISHED HOMES,3401
119,Jan 2009,1.0,7000.0,1.0,7000.0,1.0,3000.0,0.0,0.0,FIRST HOME OWNER STATISTICS FOR ESTABLISHED HOMES,3401
120,Feb 2009,0.0,0.0,0.0,0.0,0.0,0.0,0.0,0.0,FIRST HOME OWNER STATISTICS FOR ESTABLISHED HOMES,3401
121,Mar 2009,2.0,14000.0,2.0,14000.0,2.0,6000.0,0.0,0.0,FIRST HOME OWNER STATISTICS FOR ESTABLISHED HOMES,3401
122,Apr 2009,0.0,0.0,0.0,0.0,0.0,0.0,0.0,0.0,FIRST HOME OWNER STATISTICS FOR ESTABLISHED HOMES,3401
123,May 2009,1.0,7000.0,1.0,7000.0,1.0,3000.0,0.0,0.0,FIRST HOME OWNER STATISTICS FOR ESTABLISHED HOMES,3401
124,Jun 2009,1.0,7000.0,1.0,7000.0,1.0,3000.0,0.0,0.0,FIRST HOME OWNER STATISTICS FOR ESTABLISHED HOMES,3401
127,Jul 2009,1.0,7000.0,1.0,7000.0,1.0,3000.0,0.0,0.0,FIRST HOME OWNER STATISTICS FOR ESTABLISHED HOMES,3401
128,Aug 2009,0.0,0.0,0.0,0.0,0.0,0.0,0.0,0.0,FIRST HOME OWNER STATISTICS FOR ESTABLISHED HOMES,3401
129,Sep 2009,0.0,0.0,0.0,0.0,0.0,0.0,0.0,0.0,FIRST HOME OWNER STATISTICS FOR ESTABLISHED HOMES,3401
130,Oct 2009,1.0,7000.0,1.0,7000.0,1.0,2000.0,0.0,0.0,FIRST HOME OWNER STATISTICS FOR ESTABLISHED HOMES,3401
131,Nov 2009,0.0,0.0,0.0,0.0,0.0,0.0,0.0,0.0,FIRST HOME OWNER STATISTICS FOR ESTABLISHED HOMES,3401
132,Dec 2009,1.0,7000.0,1.0,3500.0,1.0,2000.0,0.0,0.0,FIRST HOME OWNER STATISTICS FOR ESTABLISHED HOMES,3401
133,Jan 2010,0.0,0.0,0.0,0.0,0.0,0.0,0.0,0.0,FIRST HOME OWNER STATISTICS FOR ESTABLISHED HOMES,3401
134,Feb 2010,0.0,0.0,0.0,0.0,0.0,0.0,0.0,0.0,FIRST HOME OWNER STATISTICS FOR ESTABLISHED HOMES,3401
135,Mar 2010,0.0,0.0,0.0,0.0,0.0,0.0,0.0,0.0,FIRST HOME OWNER STATISTICS FOR ESTABLISHED HOMES,3401
136,Apr 2010,0.0,0.0,0.0,0.0,0.0,0.0,0.0,0.0,FIRST HOME OWNER STATISTICS FOR ESTABLISHED HOMES,3401
137,May 2010,0.0,0.0,0.0,0.0,0.0,0.0,0.0,0.0,FIRST HOME OWNER STATISTICS FOR ESTABLISHED HOMES,3401
138,Jun 2010,0.0,0.0,0.0,0.0,0.0,0.0,0.0,0.0,FIRST HOME OWNER STATISTICS FOR ESTABLISHED HOMES,3401
141,Jul 2010,1.0,7000.0,0.0,0.0,1.0,2000.0,0.0,0.0,FIRST HOME OWNER STATISTICS FOR ESTABLISHED HOMES,3401
142,Aug 2010,1.0,7000.0,0.0,0.0,1.0,2000.0,0.0,0.0,FIRST HOME OWNER STATISTICS FOR ESTABLISHED HOMES,3401
143,Sep 2010,1.0,7000.0,0.0,0.0,1.0,2000.0,0.0,0.0,FIRST HOME OWNER STATISTICS FOR ESTABLISHED HOMES,3401
144,Oct 2010,0.0,0.0,0.0,0.0,0.0,0.0,0.0,0.0,FIRST HOME OWNER STATISTICS FOR ESTABLISHED HOMES,3401
145,Nov 2010,0.0,0.0,0.0,0.0,0.0,0.0,0.0,0.0,FIRST HOME OWNER STATISTICS FOR ESTABLISHED HOMES,3401
146,Dec 2010,0.0,0.0,0.0,0.0,0.0,0.0,0.0,0.0,FIRST HOME OWNER STATISTICS FOR ESTABLISHED HOMES,3401
147,Jan 2011,0.0,0.0,0.0,0.0,0.0,0.0,0.0,0.0,FIRST HOME OWNER STATISTICS FOR ESTABLISHED HOMES,3401
148,Feb 2011,0.0,0.0,0.0,0.0,0.0,0.0,0.0,0.0,FIRST HOME OWNER STATISTICS FOR ESTABLISHED HOMES,3401
149,Mar 2011,0.0,0.0,0.0,0.0,0.0,0.0,0.0,0.0,FIRST HOME OWNER STATISTICS FOR ESTABLISHED HOMES,3401
150,Apr 2011,0.0,0.0,0.0,0.0,0.0,0.0,0.0,0.0,FIRST HOME OWNER STATISTICS FOR ESTABLISHED HOMES,3401
151,May 2011,0.0,0.0,0.0,0.0,0.0,0.0,0.0,0.0,FIRST HOME OWNER STATISTICS FOR ESTABLISHED HOMES,3401
152,Jun 2011,0.0,0.0,0.0,0.0,0.0,0.0,0.0,0.0,FIRST HOME OWNER STATISTICS FOR ESTABLISHED HOMES,3401
155,Jul 2011,0.0,0.0,0.0,0.0,0.0,0.0,0.0,0.0,FIRST HOME OWNER STATISTICS FOR ESTABLISHED HOMES,3401
156,Aug 2011,0.0,0.0,0.0,0.0,0.0,0.0,0.0,0.0,FIRST HOME OWNER STATISTICS FOR ESTABLISHED HOMES,3401
157,Sep 2011,0.0,0.0,0.0,0.0,0.0,0.0,0.0,0.0,FIRST HOME OWNER STATISTICS FOR ESTABLISHED HOMES,3401
158,Oct 2011,0.0,0.0,0.0,0.0,0.0,0.0,0.0,0.0,FIRST HOME OWNER STATISTICS FOR ESTABLISHED HOMES,3401
159,Nov 2011,1.0,7000.0,0.0,0.0,0.0,0.0,0.0,0.0,FIRST HOME OWNER STATISTICS FOR ESTABLISHED HOMES,3401
160,Dec 2011,1.0,7000.0,0.0,0.0,0.0,0.0,0.0,0.0,FIRST HOME OWNER STATISTICS FOR ESTABLISHED HOMES,3401
161,Jan 2012,2.0,14000.0,0.0,0.0,0.0,0.0,0.0,0.0,FIRST HOME OWNER STATISTICS FOR ESTABLISHED HOMES,3401
162,Feb 2012,0.0,0.0,0.0,0.0,0.0,0.0,0.0,0.0,FIRST HOME OWNER STATISTICS FOR ESTABLISHED HOMES,3401
163,Mar 2012,0.0,0.0,0.0,0.0,0.0,0.0,0.0,0.0,FIRST HOME OWNER STATISTICS FOR ESTABLISHED HOMES,3401
164,Apr 2012,0.0,0.0,0.0,0.0,0.0,0.0,0.0,0.0,FIRST HOME OWNER STATISTICS FOR ESTABLISHED HOMES,3401
165,May 2012,0.0,0.0,0.0,0.0,0.0,0.0,0.0,0.0,FIRST HOME OWNER STATISTICS FOR ESTABLISHED HOMES,3401
166,Jun 2012,0.0,0.0,0.0,0.0,0.0,0.0,0.0,0.0,FIRST HOME OWNER STATISTICS FOR ESTABLISHED HOMES,3401
169,Jul 2012,1.0,7000.0,0.0,0.0,0.0,0.0,0.0,0.0,FIRST HOME OWNER STATISTICS FOR ESTABLISHED HOMES,3401
170,Aug 2012,0.0,0.0,0.0,0.0,0.0,0.0,0.0,0.0,FIRST HOME OWNER STATISTICS FOR ESTABLISHED HOMES,3401
171,Sep 2012,0.0,0.0,0.0,0.0,0.0,0.0,0.0,0.0,FIRST HOME OWNER STATISTICS FOR ESTABLISHED HOMES,3401
172,Oct 2012,0.0,0.0,0.0,0.0,0.0,0.0,0.0,0.0,FIRST HOME OWNER STATISTICS FOR ESTABLISHED HOMES,3401
173,Nov 2012,0.0,0.0,0.0,0.0,0.0,0.0,0.0,0.0,FIRST HOME OWNER STATISTICS FOR ESTABLISHED HOMES,3401
174,Dec 2012,0.0,0.0,0.0,0.0,0.0,0.0,0.0,0.0,FIRST HOME OWNER STATISTICS FOR ESTABLISHED HOMES,3401
175,Jan 2013,1.0,7000.0,0.0,0.0,0.0,0.0,0.0,0.0,FIRST HOME OWNER STATISTICS FOR ESTABLISHED HOMES,3401
176,Feb 2013,1.0,7000.0,0.0,0.0,0.0,0.0,0.0,0.0,FIRST HOME OWNER STATISTICS FOR ESTABLISHED HOMES,3401
177,Mar 2013,0.0,0.0,0.0,0.0,0.0,0.0,0.0,0.0,FIRST HOME OWNER STATISTICS FOR ESTABLISHED HOMES,3401
178,Apr 2013,0.0,0.0,0.0,0.0,0.0,0.0,0.0,0.0,FIRST HOME OWNER STATISTICS FOR ESTABLISHED HOMES,3401
179,May 2013,1.0,7000.0,0.0,0.0,0.0,0.0,0.0,0.0,FIRST HOME OWNER STATISTICS FOR ESTABLISHED HOMES,3401
180,Jun 2013,0.0,0.0,0.0,0.0,0.0,0.0,0.0,0.0,FIRST HOME OWNER STATISTICS FOR ESTABLISHED HOMES,3401
183,Jul 2013,0.0,0.0,0.0,0.0,0.0,0.0,0.0,0.0,FIRST HOME OWNER STATISTICS FOR ESTABLISHED HOMES,3401
184,Aug 2013,1.0,7000.0,0.0,0.0,0.0,0.0,0.0,0.0,FIRST HOME OWNER STATISTICS FOR ESTABLISHED HOMES,3401
185,Sep 2013,3.0,21000.0,0.0,0.0,0.0,0.0,0.0,0.0,FIRST HOME OWNER STATISTICS FOR ESTABLISHED HOMES,3401
186,Oct 2013,0.0,0.0,0.0,0.0,0.0,0.0,0.0,0.0,FIRST HOME OWNER STATISTICS FOR ESTABLISHED HOMES,3401
187,Nov 2013,1.0,7000.0,0.0,0.0,0.0,0.0,0.0,0.0,FIRST HOME OWNER STATISTICS FOR ESTABLISHED HOMES,3401
188,Dec 2013,0.0,0.0,0.0,0.0,0.0,0.0,0.0,0.0,FIRST HOME OWNER STATISTICS FOR ESTABLISHED HOMES,3401
189,Jan 2014,0.0,0.0,0.0,0.0,0.0,0.0,0.0,0.0,FIRST HOME OWNER STATISTICS FOR ESTABLISHED HOMES,3401
190,Feb 2014,0.0,0.0,0.0,0.0,0.0,0.0,0.0,0.0,FIRST HOME OWNER STATISTICS FOR ESTABLISHED HOMES,3401
191,Mar 2014,0.0,0.0,0.0,0.0,0.0,0.0,0.0,0.0,FIRST HOME OWNER STATISTICS FOR ESTABLISHED HOMES,3401
192,Apr 2014,0.0,0.0,0.0,0.0,0.0,0.0,0.0,0.0,FIRST HOME OWNER STATISTICS FOR ESTABLISHED HOMES,3401
193,May 2014,0.0,0.0,0.0,0.0,0.0,0.0,0.0,0.0,FIRST HOME OWNER STATISTICS FOR ESTABLISHED HOMES,3401
194,Jun 2014,0.0,0.0,0.0,0.0,0.0,0.0,0.0,0.0,FIRST HOME OWNER STATISTICS FOR ESTABLISHED HOMES,3401
197,Jul 2014,0.0,0.0,0.0,0.0,0.0,0.0,0.0,0.0,FIRST HOME OWNER STATISTICS FOR ESTABLISHED HOMES,3401
198,Aug 2014,0.0,0.0,0.0,0.0,0.0,0.0,0.0,0.0,FIRST HOME OWNER STATISTICS FOR ESTABLISHED HOMES,3401
199,Sep 2014,0.0,0.0,0.0,0.0,0.0,0.0,0.0,0.0,FIRST HOME OWNER STATISTICS FOR ESTABLISHED HOMES,3401
200,Oct 2014,0.0,0.0,0.0,0.0,0.0,0.0,0.0,0.0,FIRST HOME OWNER STATISTICS FOR ESTABLISHED HOMES,3401
201,Nov 2014,0.0,0.0,0.0,0.0,0.0,0.0,0.0,0.0,FIRST HOME OWNER STATISTICS FOR ESTABLISHED HOMES,3401
202,Dec 2014,0.0,0.0,0.0,0.0,0.0,0.0,0.0,0.0,FIRST HOME OWNER STATISTICS FOR ESTABLISHED HOMES,3401
203,Jan 2015,0.0,0.0,0.0,0.0,0.0,0.0,0.0,0.0,FIRST HOME OWNER STATISTICS FOR ESTABLISHED HOMES,3401
204,Feb 2015,0.0,0.0,0.0,0.0,0.0,0.0,0.0,0.0,FIRST HOME OWNER STATISTICS FOR ESTABLISHED HOMES,3401
205,Mar 2015,0.0,0.0,0.0,0.0,0.0,0.0,0.0,0.0,FIRST HOME OWNER STATISTICS FOR ESTABLISHED HOMES,3401
206,Apr 2015,0.0,0.0,0.0,0.0,0.0,0.0,0.0,0.0,FIRST HOME OWNER STATISTICS FOR ESTABLISHED HOMES,3401
207,May 2015,0.0,0.0,0.0,0.0,0.0,0.0,0.0,0.0,FIRST HOME OWNER STATISTICS FOR ESTABLISHED HOMES,3401
208,Jun 2015,0.0,0.0,0.0,0.0,0.0,0.0,0.0,0.0,FIRST HOME OWNER STATISTICS FOR ESTABLISHED HOMES,3401
211,Jul 2015,0.0,0.0,0.0,0.0,0.0,0.0,0.0,0.0,FIRST HOME OWNER STATISTICS FOR ESTABLISHED HOMES,3401
212,Aug 2015,0.0,0.0,0.0,0.0,0.0,0.0,0.0,0.0,FIRST HOME OWNER STATISTICS FOR ESTABLISHED HOMES,3401
213,Sep 2015,0.0,0.0,0.0,0.0,0.0,0.0,0.0,0.0,FIRST HOME OWNER STATISTICS FOR ESTABLISHED HOMES,3401
214,Oct 2015,0.0,0.0,0.0,0.0,0.0,0.0,0.0,0.0,FIRST HOME OWNER STATISTICS FOR ESTABLISHED HOMES,3401
215,Nov 2015,0.0,0.0,0.0,0.0,0.0,0.0,0.0,0.0,FIRST HOME OWNER STATISTICS FOR ESTABLISHED HOMES,3401
216,Dec 2015,0.0,0.0,0.0,0.0,0.0,0.0,0.0,0.0,FIRST HOME OWNER STATISTICS FOR ESTABLISHED HOMES,3401
217,Jan 2016,0.0,0.0,0.0,0.0,0.0,0.0,0.0,0.0,FIRST HOME OWNER STATISTICS FOR ESTABLISHED HOMES,3401
218,Feb 2016,0.0,0.0,0.0,0.0,0.0,0.0,0.0,0.0,FIRST HOME OWNER STATISTICS FOR ESTABLISHED HOMES,3401
219,Mar 2016,0.0,0.0,0.0,0.0,0.0,0.0,0.0,0.0,FIRST HOME OWNER STATISTICS FOR ESTABLISHED HOMES,3401
220,Apr 2016,0.0,0.0,0.0,0.0,0.0,0.0,0.0,0.0,FIRST HOME OWNER STATISTICS FOR ESTABLISHED HOMES,3401
221,May 2016,0.0,0.0,0.0,0.0,0.0,0.0,0.0,0.0,FIRST HOME OWNER STATISTICS FOR ESTABLISHED HOMES,3401
222,Jun 2016,0.0,0.0,0.0,0.0,0.0,0.0,0.0,0.0,FIRST HOME OWNER STATISTICS FOR ESTABLISHED HOMES,3401
225,Jul 2016,0.0,0.0,0.0,0.0,0.0,0.0,0.0,0.0,FIRST HOME OWNER STATISTICS FOR ESTABLISHED HOMES,3401
226,Aug 2016,0.0,0.0,0.0,0.0,0.0,0.0,0.0,0.0,FIRST HOME OWNER STATISTICS FOR ESTABLISHED HOMES,3401
227,Sep 2016,0.0,0.0,0.0,0.0,0.0,0.0,0.0,0.0,FIRST HOME OWNER STATISTICS FOR ESTABLISHED HOMES,3401
228,Oct 2016,0.0,0.0,0.0,0.0,0.0,0.0,0.0,0.0,FIRST HOME OWNER STATISTICS FOR ESTABLISHED HOMES,3401
229,Nov 2016,0.0,0.0,0.0,0.0,0.0,0.0,0.0,0.0,FIRST HOME OWNER STATISTICS FOR ESTABLISHED HOMES,3401
230,Dec 2016,0.0,0.0,0.0,0.0,0.0,0.0,0.0,0.0,FIRST HOME OWNER STATISTICS FOR ESTABLISHED HOMES,3401
231,Jan 2017,0.0,0.0,0.0,0.0,0.0,0.0,0.0,0.0,FIRST HOME OWNER STATISTICS FOR ESTABLISHED HOMES,3401
232,Feb 2017,0.0,0.0,0.0,0.0,0.0,0.0,0.0,0.0,FIRST HOME OWNER STATISTICS FOR ESTABLISHED HOMES,3401
233,Mar 2017,0.0,0.0,0.0,0.0,0.0,0.0,0.0,0.0,FIRST HOME OWNER STATISTICS FOR ESTABLISHED HOMES,3401
234,Apr 2017,0.0,0.0,0.0,0.0,0.0,0.0,0.0,0.0,FIRST HOME OWNER STATISTICS FOR ESTABLISHED HOMES,3401
235,May 2017,0.0,0.0,0.0,0.0,0.0,0.0,0.0,0.0,FIRST HOME OWNER STATISTICS FOR ESTABLISHED HOMES,3401
236,Jun 2017,0.0,0.0,0.0,0.0,0.0,0.0,0.0,0.0,FIRST HOME OWNER STATISTICS FOR ESTABLISHED HOMES,3401
239,Jul 2017,0.0,0.0,0.0,0.0,0.0,0.0,0.0,0.0,FIRST HOME OWNER STATISTICS FOR ESTABLISHED HOMES,3401
240,Aug 2017,0.0,0.0,0.0,0.0,0.0,0.0,0.0,0.0,FIRST HOME OWNER STATISTICS FOR ESTABLISHED HOMES,3401
241,Sep 2017,0.0,0.0,0.0,0.0,0.0,0.0,0.0,0.0,FIRST HOME OWNER STATISTICS FOR ESTABLISHED HOMES,3401
242,Oct 2017,0.0,0.0,0.0,0.0,0.0,0.0,0.0,0.0,FIRST HOME OWNER STATISTICS FOR ESTABLISHED HOMES,3401
243,Nov 2017,0.0,0.0,0.0,0.0,0.0,0.0,0.0,0.0,FIRST HOME OWNER STATISTICS FOR ESTABLISHED HOMES,3401
244,Dec 2017,0.0,0.0,0.0,0.0,0.0,0.0,0.0,0.0,FIRST HOME OWNER STATISTICS FOR ESTABLISHED HOMES,3401
245,Jan 2018,0.0,0.0,0.0,0.0,0.0,0.0,0.0,0.0,FIRST HOME OWNER STATISTICS FOR ESTABLISHED HOMES,3401
246,Feb 2018,0.0,0.0,0.0,0.0,0.0,0.0,0.0,0.0,FIRST HOME OWNER STATISTICS FOR ESTABLISHED HOMES,3401
247,Mar 2018,0.0,0.0,0.0,0.0,0.0,0.0,0.0,0.0,FIRST HOME OWNER STATISTICS FOR ESTABLISHED HOMES,3401
248,Apr 2018,0.0,0.0,0.0,0.0,0.0,0.0,0.0,0.0,FIRST HOME OWNER STATISTICS FOR ESTABLISHED HOMES,3401
