row_index,FINANCIAL_YEAR_MONTH,FIRST_HOME_OWNER_GRANT_NUMBER,FIRST_HOME_OWNER_GRANT_VALUE,FIRST_HOME_OWNER_BOOST_NUMBER,FIRST_HOME_OWNER_BOOST_VALUE,FIRST_HOME_BONUS_NUMBER,FIRST_HOME_BONUS_VALUE,FIRST_HOME_OWNER_REGIONAL_BONUS_NUMBER,FIRST_HOME_OWNER_REGIONAL_BONUS_VALUE,CATEGORY,POSTCODE
1,Jul 2000,1.0,7000.0,0.0,0.0,0.0,0.0,0.0,0.0,FIRST HOME OWNER STATISTICS FOR ESTABLISHED HOMES,3019
2,Aug 2000,5.0,35000.0,0.0,0.0,0.0,0.0,0.0,0.0,FIRST HOME OWNER STATISTICS FOR ESTABLISHED HOMES,3019
3,Sep 2000,5.0,35000.0,0.0,0.0,0.0,0.0,0.0,0.0,FIRST HOME OWNER STATISTICS FOR ESTABLISHED HOMES,3019
4,Oct 2000,5.0,35000.0,0.0,0.0,0.0,0.0,0.0,0.0,FIRST HOME OWNER STATISTICS FOR ESTABLISHED HOMES,3019
5,Nov 2000,6.0,42000.0,0.0,0.0,0.0,0.0,0.0,0.0,FIRST HOME OWNER STATISTICS FOR ESTABLISHED HOMES,3019
6,Dec 2000,4.0,28000.0,0.0,0.0,0.0,0.0,0.0,0.0,FIRST HOME OWNER STATISTICS FOR ESTABLISHED HOMES,3019
7,Jan 2001,5.0,35000.0,0.0,0.0,0.0,0.0,0.0,0.0,FIRST HOME OWNER STATISTICS FOR ESTABLISHED HOMES,3019
8,Feb 2001,5.0,35000.0,0.0,0.0,0.0,0.0,0.0,0.0,FIRST HOME OWNER STATISTICS FOR ESTABLISHED HOMES,3019
9,Mar 2001,7.0,49000.0,0.0,0.0,0.0,0.0,0.0,0.0,FIRST HOME OWNER STATISTICS FOR ESTABLISHED HOMES,3019
10,Apr 2001,8.0,56000.0,0.0,0.0,0.0,0.0,0.0,0.0,FIRST HOME OWNER STATISTICS FOR ESTABLISHED HOMES,3019
11,May 2001,6.0,42000.0,0.0,0.0,0.0,0.0,0.0,0.0,FIRST HOME OWNER STATISTICS FOR ESTABLISHED HOMES,3019
12,Jun 2001,7.0,49000.0,0.0,0.0,0.0,0.0,0.0,0.0,FIRST HOME OWNER STATISTICS FOR ESTABLISHED HOMES,3019
15,Jul 2001,4.0,28000.0,0.0,0.0,0.0,0.0,0.0,0.0,FIRST HOME OWNER STATISTICS FOR ESTABLISHED HOMES,3019
16,Aug 2001,10.0,70000.0,0.0,0.0,0.0,0.0,0.0,0.0,FIRST HOME OWNER STATISTICS FOR ESTABLISHED HOMES,3019
17,Sep 2001,6.0,42000.0,0.0,0.0,0.0,0.0,0.0,0.0,FIRST HOME OWNER STATISTICS FOR ESTABLISHED HOMES,3019
18,Oct 2001,5.0,35000.0,0.0,0.0,0.0,0.0,0.0,0.0,FIRST HOME OWNER STATISTICS FOR ESTABLISHED HOMES,3019
19,Nov 2001,7.0,49000.0,0.0,0.0,0.0,0.0,0.0,0.0,FIRST HOME OWNER STATISTICS FOR ESTABLISHED HOMES,3019
20,Dec 2001,4.0,28000.0,0.0,0.0,0.0,0.0,0.0,0.0,FIRST HOME OWNER STATISTICS FOR ESTABLISHED HOMES,3019
21,Jan 2002,2.0,14000.0,0.0,0.0,0.0,0.0,0.0,0.0,FIRST HOME OWNER STATISTICS FOR ESTABLISHED HOMES,3019
22,Feb 2002,2.0,14000.0,0.0,0.0,0.0,0.0,0.0,0.0,FIRST HOME OWNER STATISTICS FOR ESTABLISHED HOMES,3019
23,Mar 2002,2.0,14000.0,0.0,0.0,0.0,0.0,0.0,0.0,FIRST HOME OWNER STATISTICS FOR ESTABLISHED HOMES,3019
24,Apr 2002,6.0,42000.0,0.0,0.0,0.0,0.0,0.0,0.0,FIRST HOME OWNER STATISTICS FOR ESTABLISHED HOMES,3019
25,May 2002,6.0,42000.0,0.0,0.0,0.0,0.0,0.0,0.0,FIRST HOME OWNER STATISTICS FOR ESTABLISHED HOMES,3019
26,Jun 2002,2.0,14000.0,0.0,0.0,0.0,0.0,0.0,0.0,FIRST HOME OWNER STATISTICS FOR ESTABLISHED HOMES,3019
29,Jul 2002,5.0,35000.0,0.0,0.0,0.0,0.0,0.0,0.0,FIRST HOME OWNER STATISTICS FOR ESTABLISHED HOMES,3019
30,Aug 2002,2.0,14000.0,0.0,0.0,0.0,0.0,0.0,0.0,FIRST HOME OWNER STATISTICS FOR ESTABLISHED HOMES,3019
31,Sep 2002,6.0,42000.0,0.0,0.0,0.0,0.0,0.0,0.0,FIRST HOME OWNER STATISTICS FOR ESTABLISHED HOMES,3019
32,Oct 2002,3.0,21000.0,0.0,0.0,0.0,0.0,0.0,0.0,FIRST HOME OWNER STATISTICS FOR ESTABLISHED HOMES,3019
33,Nov 2002,5.0,35000.0,0.0,0.0,0.0,0.0,0.0,0.0,FIRST HOME OWNER STATISTICS FOR ESTABLISHED HOMES,3019
34,Dec 2002,4.0,28000.0,0.0,0.0,0.0,0.0,0.0,0.0,FIRST HOME OWNER STATISTICS FOR ESTABLISHED HOMES,3019
35,Jan 2003,3.0,21000.0,0.0,0.0,0.0,0.0,0.0,0.0,FIRST HOME OWNER STATISTICS FOR ESTABLISHED HOMES,3019
36,Feb 2003,2.0,14000.0,0.0,0.0,0.0,0.0,0.0,0.0,FIRST HOME OWNER STATISTICS FOR ESTABLISHED HOMES,3019
37,Mar 2003,2.0,14000.0,0.0,0.0,0.0,0.0,0.0,0.0,FIRST HOME OWNER STATISTICS FOR ESTABLISHED HOMES,3019
38,Apr 2003,4.0,28000.0,0.0,0.0,0.0,0.0,0.0,0.0,FIRST HOME OWNER STATISTICS FOR ESTABLISHED HOMES,3019
39,May 2003,2.0,14000.0,0.0,0.0,0.0,0.0,0.0,0.0,FIRST HOME OWNER STATISTICS FOR ESTABLISHED HOMES,3019
40,Jun 2003,3.0,21000.0,0.0,0.0,0.0,0.0,0.0,0.0,FIRST HOME OWNER STATISTICS FOR ESTABLISHED HOMES,3019
43,Jul 2003,3.0,21000.0,0.0,0.0,0.0,0.0,0.0,0.0,FIRST HOME OWNER STATISTICS FOR ESTABLISHED HOMES,3019
44,Aug 2003,5.0,35000.0,0.0,0.0,0.0,0.0,0.0,0.0,FIRST HOME OWNER STATISTICS FOR ESTABLISHED HOMES,3019
45,Sep 2003,4.0,28000.0,0.0,0.0,0.0,0.0,0.0,0.0,FIRST HOME OWNER STATISTICS FOR ESTABLISHED HOMES,3019
46,Oct 2003,3.0,21000.0,0.0,0.0,0.0,0.0,0.0,0.0,FIRST HOME OWNER STATISTICS FOR ESTABLISHED HOMES,3019
47,Nov 2003,4.0,28000.0,0.0,0.0,0.0,0.0,0.0,0.0,FIRST HOME OWNER STATISTICS FOR ESTABLISHED HOMES,3019
48,Dec 2003,3.0,21000.0,0.0,0.0,0.0,0.0,0.0,0.0,FIRST HOME OWNER STATISTICS FOR ESTABLISHED HOMES,3019
49,Jan 2004,2.0,14000.0,0.0,0.0,0.0,0.0,0.0,0.0,FIRST HOME OWNER STATISTICS FOR ESTABLISHED HOMES,3019
50,Feb 2004,5.0,35000.0,0.0,0.0,0.0,0.0,0.0,0.0,FIRST HOME OWNER STATISTICS FOR ESTABLISHED HOMES,3019
51,Mar 2004,3.0,21000.0,0.0,0.0,0.0,0.0,0.0,0.0,FIRST HOME OWNER STATISTICS FOR ESTABLISHED HOMES,3019
52,Apr 2004,2.0,14000.0,0.0,0.0,0.0,0.0,0.0,0.0,FIRST HOME OWNER STATISTICS FOR ESTABLISHED HOMES,3019
53,May 2004,4.0,28000.0,0.0,0.0,0.0,0.0,0.0,0.0,FIRST HOME OWNER STATISTICS FOR ESTABLISHED HOMES,3019
54,Jun 2004,2.0,14000.0,0.0,0.0,2.0,10000.0,0.0,0.0,FIRST HOME OWNER STATISTICS FOR ESTABLISHED HOMES,3019
57,Jul 2004,5.0,35000.0,0.0,0.0,5.0,25000.0,0.0,0.0,FIRST HOME OWNER STATISTICS FOR ESTABLISHED HOMES,3019
58,Aug 2004,4.0,28000.0,0.0,0.0,3.0,15000.0,0.0,0.0,FIRST HOME OWNER STATISTICS FOR ESTABLISHED HOMES,3019
59,Sep 2004,3.0,21000.0,0.0,0.0,3.0,15000.0,0.0,0.0,FIRST HOME OWNER STATISTICS FOR ESTABLISHED HOMES,3019
60,Oct 2004,6.0,42000.0,0.0,0.0,6.0,30000.0,0.0,0.0,FIRST HOME OWNER STATISTICS FOR ESTABLISHED HOMES,3019
61,Nov 2004,5.0,35000.0,0.0,0.0,4.0,20000.0,0.0,0.0,FIRST HOME OWNER STATISTICS FOR ESTABLISHED HOMES,3019
62,Dec 2004,2.0,14000.0,0.0,0.0,2.0,10000.0,0.0,0.0,FIRST HOME OWNER STATISTICS FOR ESTABLISHED HOMES,3019
63,Jan 2005,0.0,0.0,0.0,0.0,0.0,0.0,0.0,0.0,FIRST HOME OWNER STATISTICS FOR ESTABLISHED HOMES,3019
64,Feb 2005,2.0,14000.0,0.0,0.0,2.0,10000.0,0.0,0.0,FIRST HOME OWNER STATISTICS FOR ESTABLISHED HOMES,3019
65,Mar 2005,4.0,28000.0,0.0,0.0,4.0,20000.0,0.0,0.0,FIRST HOME OWNER STATISTICS FOR ESTABLISHED HOMES,3019
66,Apr 2005,5.0,35000.0,0.0,0.0,5.0,25000.0,0.0,0.0,FIRST HOME OWNER STATISTICS FOR ESTABLISHED HOMES,3019
67,May 2005,8.0,56000.0,0.0,0.0,8.0,40000.0,0.0,0.0,FIRST HOME OWNER STATISTICS FOR ESTABLISHED HOMES,3019
68,Jun 2005,6.0,42000.0,0.0,0.0,6.0,30000.0,0.0,0.0,FIRST HOME OWNER STATISTICS FOR ESTABLISHED HOMES,3019
71,Jul 2005,4.0,28000.0,0.0,0.0,4.0,20000.0,0.0,0.0,FIRST HOME OWNER STATISTICS FOR ESTABLISHED HOMES,3019
72,Aug 2005,5.0,35000.0,0.0,0.0,5.0,25000.0,0.0,0.0,FIRST HOME OWNER STATISTICS FOR ESTABLISHED HOMES,3019
73,Sep 2005,3.0,21000.0,0.0,0.0,3.0,15000.0,0.0,0.0,FIRST HOME OWNER STATISTICS FOR ESTABLISHED HOMES,3019
74,Oct 2005,6.0,42000.0,0.0,0.0,6.0,30000.0,0.0,0.0,FIRST HOME OWNER STATISTICS FOR ESTABLISHED HOMES,3019
75,Nov 2005,4.0,28000.0,0.0,0.0,4.0,20000.0,0.0,0.0,FIRST HOME OWNER STATISTICS FOR ESTABLISHED HOMES,3019
76,Dec 2005,3.0,21000.0,0.0,0.0,3.0,15000.0,0.0,0.0,FIRST HOME OWNER STATISTICS FOR ESTABLISHED HOMES,3019
77,Jan 2006,5.0,35000.0,0.0,0.0,5.0,25000.0,0.0,0.0,FIRST HOME OWNER STATISTICS FOR ESTABLISHED HOMES,3019
78,Feb 2006,4.0,28000.0,0.0,0.0,4.0,18000.0,0.0,0.0,FIRST HOME OWNER STATISTICS FOR ESTABLISHED HOMES,3019
79,Mar 2006,1.0,7000.0,0.0,0.0,1.0,3000.0,0.0,0.0,FIRST HOME OWNER STATISTICS FOR ESTABLISHED HOMES,3019
80,Apr 2006,4.0,28000.0,0.0,0.0,4.0,12000.0,0.0,0.0,FIRST HOME OWNER STATISTICS FOR ESTABLISHED HOMES,3019
81,May 2006,3.0,21000.0,0.0,0.0,3.0,9000.0,0.0,0.0,FIRST HOME OWNER STATISTICS FOR ESTABLISHED HOMES,3019
82,Jun 2006,7.0,49000.0,0.0,0.0,7.0,25000.0,0.0,0.0,FIRST HOME OWNER STATISTICS FOR ESTABLISHED HOMES,3019
85,Jul 2006,8.0,56000.0,0.0,0.0,8.0,24000.0,0.0,0.0,FIRST HOME OWNER STATISTICS FOR ESTABLISHED HOMES,3019
86,Aug 2006,3.0,21000.0,0.0,0.0,3.0,9000.0,0.0,0.0,FIRST HOME OWNER STATISTICS FOR ESTABLISHED HOMES,3019
87,Sep 2006,3.0,21000.0,0.0,0.0,3.0,9000.0,0.0,0.0,FIRST HOME OWNER STATISTICS FOR ESTABLISHED HOMES,3019
88,Oct 2006,5.0,35000.0,0.0,0.0,5.0,15000.0,0.0,0.0,FIRST HOME OWNER STATISTICS FOR ESTABLISHED HOMES,3019
89,Nov 2006,3.0,21000.0,0.0,0.0,3.0,9000.0,0.0,0.0,FIRST HOME OWNER STATISTICS FOR ESTABLISHED HOMES,3019
90,Dec 2006,5.0,35000.0,0.0,0.0,5.0,15000.0,0.0,0.0,FIRST HOME OWNER STATISTICS FOR ESTABLISHED HOMES,3019
91,Jan 2007,1.0,7000.0,0.0,0.0,1.0,3000.0,0.0,0.0,FIRST HOME OWNER STATISTICS FOR ESTABLISHED HOMES,3019
92,Feb 2007,4.0,28000.0,0.0,0.0,4.0,12000.0,0.0,0.0,FIRST HOME OWNER STATISTICS FOR ESTABLISHED HOMES,3019
93,Mar 2007,3.0,21000.0,0.0,0.0,3.0,9000.0,0.0,0.0,FIRST HOME OWNER STATISTICS FOR ESTABLISHED HOMES,3019
94,Apr 2007,5.0,35000.0,0.0,0.0,5.0,15000.0,0.0,0.0,FIRST HOME OWNER STATISTICS FOR ESTABLISHED HOMES,3019
95,May 2007,4.0,28000.0,0.0,0.0,4.0,12000.0,0.0,0.0,FIRST HOME OWNER STATISTICS FOR ESTABLISHED HOMES,3019
96,Jun 2007,0.0,0.0,0.0,0.0,0.0,0.0,0.0,0.0,FIRST HOME OWNER STATISTICS FOR ESTABLISHED HOMES,3019
99,Jul 2007,7.0,49000.0,0.0,0.0,6.0,18000.0,0.0,0.0,FIRST HOME OWNER STATISTICS FOR ESTABLISHED HOMES,3019
100,Aug 2007,3.0,21000.0,0.0,0.0,3.0,9000.0,0.0,0.0,FIRST HOME OWNER STATISTICS FOR ESTABLISHED HOMES,3019
101,Sep 2007,4.0,28000.0,0.0,0.0,4.0,12000.0,0.0,0.0,FIRST HOME OWNER STATISTICS FOR ESTABLISHED HOMES,3019
102,Oct 2007,5.0,35000.0,0.0,0.0,5.0,15000.0,0.0,0.0,FIRST HOME OWNER STATISTICS FOR ESTABLISHED HOMES,3019
103,Nov 2007,6.0,42000.0,0.0,0.0,6.0,18000.0,0.0,0.0,FIRST HOME OWNER STATISTICS FOR ESTABLISHED HOMES,3019
104,Dec 2007,8.0,56000.0,0.0,0.0,7.0,21000.0,0.0,0.0,FIRST HOME OWNER STATISTICS FOR ESTABLISHED HOMES,3019
105,Jan 2008,2.0,14000.0,0.0,0.0,2.0,6000.0,0.0,0.0,FIRST HOME OWNER STATISTICS FOR ESTABLISHED HOMES,3019
106,Feb 2008,4.0,28000.0,0.0,0.0,4.0,12000.0,0.0,0.0,FIRST HOME OWNER STATISTICS FOR ESTABLISHED HOMES,3019
107,Mar 2008,6.0,42000.0,0.0,0.0,6.0,18000.0,0.0,0.0,FIRST HOME OWNER STATISTICS FOR ESTABLISHED HOMES,3019
108,Apr 2008,3.0,21000.0,0.0,0.0,3.0,9000.0,0.0,0.0,FIRST HOME OWNER STATISTICS FOR ESTABLISHED HOMES,3019
109,May 2008,11.0,77000.0,0.0,0.0,11.0,33000.0,0.0,0.0,FIRST HOME OWNER STATISTICS FOR ESTABLISHED HOMES,3019
110,Jun 2008,2.0,14000.0,0.0,0.0,2.0,6000.0,0.0,0.0,FIRST HOME OWNER STATISTICS FOR ESTABLISHED HOMES,3019
113,Jul 2008,1.0,7000.0,0.0,0.0,1.0,3000.0,0.0,0.0,FIRST HOME OWNER STATISTICS FOR ESTABLISHED HOMES,3019
114,Aug 2008,3.0,21000.0,0.0,0.0,3.0,9000.0,0.0,0.0,FIRST HOME OWNER STATISTICS FOR ESTABLISHED HOMES,3019
115,Sep 2008,6.0,42000.0,0.0,0.0,5.0,15000.0,0.0,0.0,FIRST HOME OWNER STATISTICS FOR ESTABLISHED HOMES,3019
116,Oct 2008,10.0,70000.0,0.0,0.0,10.0,30000.0,0.0,0.0,FIRST HOME OWNER STATISTICS FOR ESTABLISHED HOMES,3019
117,Nov 2008,4.0,28000.0,2.0,14000.0,4.0,12000.0,0.0,0.0,FIRST HOME OWNER STATISTICS FOR ESTABLISHED HOMES,3019
118,Dec 2008,5.0,35000.0,4.0,28000.0,5.0,15000.0,0.0,0.0,FIRST HOME OWNER STATISTICS FOR ESTABLISHED HOMES,3019
119,Jan 2009,5.0,35000.0,4.0,28000.0,5.0,15000.0,0.0,0.0,FIRST HOME OWNER STATISTICS FOR ESTABLISHED HOMES,3019
120,Feb 2009,3.0,21000.0,3.0,21000.0,3.0,9000.0,0.0,0.0,FIRST HOME OWNER STATISTICS FOR ESTABLISHED HOMES,3019
121,Mar 2009,3.0,21000.0,3.0,21000.0,2.0,6000.0,0.0,0.0,FIRST HOME OWNER STATISTICS FOR ESTABLISHED HOMES,3019
122,Apr 2009,11.0,77000.0,10.0,70000.0,11.0,33000.0,0.0,0.0,FIRST HOME OWNER STATISTICS FOR ESTABLISHED HOMES,3019
123,May 2009,6.0,42000.0,6.0,42000.0,5.0,15000.0,0.0,0.0,FIRST HOME OWNER STATISTICS FOR ESTABLISHED HOMES,3019
124,Jun 2009,7.0,49000.0,6.0,42000.0,6.0,18000.0,0.0,0.0,FIRST HOME OWNER STATISTICS FOR ESTABLISHED HOMES,3019
127,Jul 2009,4.0,28000.0,4.0,28000.0,3.0,8000.0,0.0,0.0,FIRST HOME OWNER STATISTICS FOR ESTABLISHED HOMES,3019
128,Aug 2009,3.0,21000.0,3.0,21000.0,3.0,7000.0,0.0,0.0,FIRST HOME OWNER STATISTICS FOR ESTABLISHED HOMES,3019
129,Sep 2009,6.0,42000.0,6.0,42000.0,6.0,14000.0,0.0,0.0,FIRST HOME OWNER STATISTICS FOR ESTABLISHED HOMES,3019
130,Oct 2009,6.0,42000.0,6.0,42000.0,6.0,12000.0,0.0,0.0,FIRST HOME OWNER STATISTICS FOR ESTABLISHED HOMES,3019
131,Nov 2009,3.0,21000.0,3.0,17500.0,3.0,6000.0,0.0,0.0,FIRST HOME OWNER STATISTICS FOR ESTABLISHED HOMES,3019
132,Dec 2009,4.0,28000.0,4.0,17500.0,4.0,8000.0,0.0,0.0,FIRST HOME OWNER STATISTICS FOR ESTABLISHED HOMES,3019
133,Jan 2010,7.0,49000.0,7.0,38500.0,6.0,13000.0,0.0,0.0,FIRST HOME OWNER STATISTICS FOR ESTABLISHED HOMES,3019
134,Feb 2010,4.0,28000.0,3.0,14000.0,4.0,9000.0,0.0,0.0,FIRST HOME OWNER STATISTICS FOR ESTABLISHED HOMES,3019
135,Mar 2010,2.0,14000.0,2.0,7000.0,2.0,4000.0,0.0,0.0,FIRST HOME OWNER STATISTICS FOR ESTABLISHED HOMES,3019
136,Apr 2010,6.0,42000.0,2.0,10500.0,6.0,12000.0,0.0,0.0,FIRST HOME OWNER STATISTICS FOR ESTABLISHED HOMES,3019
137,May 2010,2.0,14000.0,0.0,0.0,2.0,4000.0,0.0,0.0,FIRST HOME OWNER STATISTICS FOR ESTABLISHED HOMES,3019
138,Jun 2010,5.0,35000.0,1.0,7000.0,5.0,10000.0,0.0,0.0,FIRST HOME OWNER STATISTICS FOR ESTABLISHED HOMES,3019
141,Jul 2010,0.0,0.0,0.0,0.0,0.0,0.0,0.0,0.0,FIRST HOME OWNER STATISTICS FOR ESTABLISHED HOMES,3019
142,Aug 2010,3.0,21000.0,1.0,3500.0,3.0,6000.0,0.0,0.0,FIRST HOME OWNER STATISTICS FOR ESTABLISHED HOMES,3019
143,Sep 2010,2.0,14000.0,0.0,0.0,1.0,2000.0,0.0,0.0,FIRST HOME OWNER STATISTICS FOR ESTABLISHED HOMES,3019
144,Oct 2010,3.0,21000.0,0.0,0.0,0.0,0.0,0.0,0.0,FIRST HOME OWNER STATISTICS FOR ESTABLISHED HOMES,3019
145,Nov 2010,3.0,21000.0,0.0,0.0,0.0,0.0,0.0,0.0,FIRST HOME OWNER STATISTICS FOR ESTABLISHED HOMES,3019
146,Dec 2010,1.0,7000.0,0.0,0.0,0.0,0.0,0.0,0.0,FIRST HOME OWNER STATISTICS FOR ESTABLISHED HOMES,3019
147,Jan 2011,2.0,14000.0,0.0,0.0,0.0,0.0,0.0,0.0,FIRST HOME OWNER STATISTICS FOR ESTABLISHED HOMES,3019
148,Feb 2011,2.0,14000.0,0.0,0.0,0.0,0.0,0.0,0.0,FIRST HOME OWNER STATISTICS FOR ESTABLISHED HOMES,3019
149,Mar 2011,3.0,21000.0,0.0,0.0,0.0,0.0,0.0,0.0,FIRST HOME OWNER STATISTICS FOR ESTABLISHED HOMES,3019
150,Apr 2011,3.0,21000.0,1.0,7000.0,1.0,2000.0,0.0,0.0,FIRST HOME OWNER STATISTICS FOR ESTABLISHED HOMES,3019
151,May 2011,1.0,7000.0,0.0,0.0,0.0,0.0,0.0,0.0,FIRST HOME OWNER STATISTICS FOR ESTABLISHED HOMES,3019
152,Jun 2011,0.0,0.0,0.0,0.0,0.0,0.0,0.0,0.0,FIRST HOME OWNER STATISTICS FOR ESTABLISHED HOMES,3019
155,Jul 2011,3.0,21000.0,0.0,0.0,0.0,0.0,0.0,0.0,FIRST HOME OWNER STATISTICS FOR ESTABLISHED HOMES,3019
156,Aug 2011,3.0,21000.0,0.0,0.0,0.0,0.0,0.0,0.0,FIRST HOME OWNER STATISTICS FOR ESTABLISHED HOMES,3019
157,Sep 2011,2.0,14000.0,0.0,0.0,0.0,0.0,0.0,0.0,FIRST HOME OWNER STATISTICS FOR ESTABLISHED HOMES,3019
158,Oct 2011,0.0,0.0,0.0,0.0,0.0,0.0,0.0,0.0,FIRST HOME OWNER STATISTICS FOR ESTABLISHED HOMES,3019
159,Nov 2011,1.0,7000.0,0.0,0.0,0.0,0.0,0.0,0.0,FIRST HOME OWNER STATISTICS FOR ESTABLISHED HOMES,3019
160,Dec 2011,0.0,0.0,0.0,0.0,0.0,0.0,0.0,0.0,FIRST HOME OWNER STATISTICS FOR ESTABLISHED HOMES,3019
161,Jan 2012,1.0,7000.0,0.0,0.0,0.0,0.0,0.0,0.0,FIRST HOME OWNER STATISTICS FOR ESTABLISHED HOMES,3019
162,Feb 2012,3.0,21000.0,0.0,0.0,0.0,0.0,0.0,0.0,FIRST HOME OWNER STATISTICS FOR ESTABLISHED HOMES,3019
163,Mar 2012,1.0,7000.0,0.0,0.0,0.0,0.0,0.0,0.0,FIRST HOME OWNER STATISTICS FOR ESTABLISHED HOMES,3019
164,Apr 2012,4.0,28000.0,0.0,0.0,0.0,0.0,0.0,0.0,FIRST HOME OWNER STATISTICS FOR ESTABLISHED HOMES,3019
165,May 2012,2.0,14000.0,0.0,0.0,0.0,0.0,0.0,0.0,FIRST HOME OWNER STATISTICS FOR ESTABLISHED HOMES,3019
166,Jun 2012,0.0,0.0,0.0,0.0,0.0,0.0,0.0,0.0,FIRST HOME OWNER STATISTICS FOR ESTABLISHED HOMES,3019
169,Jul 2012,2.0,14000.0,0.0,0.0,0.0,0.0,0.0,0.0,FIRST HOME OWNER STATISTICS FOR ESTABLISHED HOMES,3019
170,Aug 2012,3.0,21000.0,0.0,0.0,0.0,0.0,0.0,0.0,FIRST HOME OWNER STATISTICS FOR ESTABLISHED HOMES,3019
171,Sep 2012,2.0,14000.0,0.0,0.0,0.0,0.0,0.0,0.0,FIRST HOME OWNER STATISTICS FOR ESTABLISHED HOMES,3019
172,Oct 2012,3.0,21000.0,0.0,0.0,0.0,0.0,0.0,0.0,FIRST HOME OWNER STATISTICS FOR ESTABLISHED HOMES,3019
173,Nov 2012,2.0,14000.0,0.0,0.0,0.0,0.0,0.0,0.0,FIRST HOME OWNER STATISTICS FOR ESTABLISHED HOMES,3019
174,Dec 2012,1.0,7000.0,0.0,0.0,0.0,0.0,0.0,0.0,FIRST HOME OWNER STATISTICS FOR ESTABLISHED HOMES,3019
175,Jan 2013,1.0,7000.0,0.0,0.0,0.0,0.0,0.0,0.0,FIRST HOME OWNER STATISTICS FOR ESTABLISHED HOMES,3019
176,Feb 2013,2.0,14000.0,0.0,0.0,0.0,0.0,0.0,0.0,FIRST HOME OWNER STATISTICS FOR ESTABLISHED HOMES,3019
177,Mar 2013,2.0,14000.0,0.0,0.0,0.0,0.0,0.0,0.0,FIRST HOME OWNER STATISTICS FOR ESTABLISHED HOMES,3019
178,Apr 2013,2.0,14000.0,0.0,0.0,0.0,0.0,0.0,0.0,FIRST HOME OWNER STATISTICS FOR ESTABLISHED HOMES,3019
179,May 2013,3.0,21000.0,0.0,0.0,0.0,0.0,0.0,0.0,FIRST HOME OWNER STATISTICS FOR ESTABLISHED HOMES,3019
180,Jun 2013,6.0,42000.0,0.0,0.0,0.0,0.0,0.0,0.0,FIRST HOME OWNER STATISTICS FOR ESTABLISHED HOMES,3019
183,Jul 2013,3.0,21000.0,0.0,0.0,0.0,0.0,0.0,0.0,FIRST HOME OWNER STATISTICS FOR ESTABLISHED HOMES,3019
184,Aug 2013,2.0,14000.0,0.0,0.0,0.0,0.0,0.0,0.0,FIRST HOME OWNER STATISTICS FOR ESTABLISHED HOMES,3019
185,Sep 2013,1.0,7000.0,0.0,0.0,0.0,0.0,0.0,0.0,FIRST HOME OWNER STATISTICS FOR ESTABLISHED HOMES,3019
186,Oct 2013,1.0,7000.0,0.0,0.0,0.0,0.0,0.0,0.0,FIRST HOME OWNER STATISTICS FOR ESTABLISHED HOMES,3019
187,Nov 2013,0.0,0.0,0.0,0.0,0.0,0.0,0.0,0.0,FIRST HOME OWNER STATISTICS FOR ESTABLISHED HOMES,3019
188,Dec 2013,0.0,0.0,0.0,0.0,0.0,0.0,0.0,0.0,FIRST HOME OWNER STATISTICS FOR ESTABLISHED HOMES,3019
189,Jan 2014,0.0,0.0,0.0,0.0,0.0,0.0,0.0,0.0,FIRST HOME OWNER STATISTICS FOR ESTABLISHED HOMES,3019
190,Feb 2014,1.0,7000.0,0.0,0.0,0.0,0.0,0.0,0.0,FIRST HOME OWNER STATISTICS FOR ESTABLISHED HOMES,3019
191,Mar 2014,1.0,7000.0,0.0,0.0,0.0,0.0,0.0,0.0,FIRST HOME OWNER STATISTICS FOR ESTABLISHED HOMES,3019
192,Apr 2014,0.0,0.0,0.0,0.0,0.0,0.0,0.0,0.0,FIRST HOME OWNER STATISTICS FOR ESTABLISHED HOMES,3019
193,May 2014,0.0,0.0,0.0,0.0,0.0,0.0,0.0,0.0,FIRST HOME OWNER STATISTICS FOR ESTABLISHED HOMES,3019
194,Jun 2014,1.0,7000.0,0.0,0.0,0.0,0.0,0.0,0.0,FIRST HOME OWNER STATISTICS FOR ESTABLISHED HOMES,3019
197,Jul 2014,0.0,0.0,0.0,0.0,0.0,0.0,0.0,0.0,FIRST HOME OWNER STATISTICS FOR ESTABLISHED HOMES,3019
198,Aug 2014,0.0,0.0,0.0,0.0,0.0,0.0,0.0,0.0,FIRST HOME OWNER STATISTICS FOR ESTABLISHED HOMES,3019
199,Sep 2014,0.0,0.0,0.0,0.0,0.0,0.0,0.0,0.0,FIRST HOME OWNER STATISTICS FOR ESTABLISHED HOMES,3019
200,Oct 2014,0.0,0.0,0.0,0.0,0.0,0.0,0.0,0.0,FIRST HOME OWNER STATISTICS FOR ESTABLISHED HOMES,3019
201,Nov 2014,0.0,0.0,0.0,0.0,0.0,0.0,0.0,0.0,FIRST HOME OWNER STATISTICS FOR ESTABLISHED HOMES,3019
202,Dec 2014,0.0,0.0,0.0,0.0,0.0,0.0,0.0,0.0,FIRST HOME OWNER STATISTICS FOR ESTABLISHED HOMES,3019
203,Jan 2015,0.0,0.0,0.0,0.0,0.0,0.0,0.0,0.0,FIRST HOME OWNER STATISTICS FOR ESTABLISHED HOMES,3019
204,Feb 2015,0.0,0.0,0.0,0.0,0.0,0.0,0.0,0.0,FIRST HOME OWNER STATISTICS FOR ESTABLISHED HOMES,3019
205,Mar 2015,0.0,0.0,0.0,0.0,0.0,0.0,0.0,0.0,FIRST HOME OWNER STATISTICS FOR ESTABLISHED HOMES,3019
206,Apr 2015,0.0,0.0,0.0,0.0,0.0,0.0,0.0,0.0,FIRST HOME OWNER STATISTICS FOR ESTABLISHED HOMES,3019
207,May 2015,0.0,0.0,0.0,0.0,0.0,0.0,0.0,0.0,FIRST HOME OWNER STATISTICS FOR ESTABLISHED HOMES,3019
208,Jun 2015,0.0,0.0,0.0,0.0,0.0,0.0,0.0,0.0,FIRST HOME OWNER STATISTICS FOR ESTABLISHED HOMES,3019
211,Jul 2015,0.0,0.0,0.0,0.0,0.0,0.0,0.0,0.0,FIRST HOME OWNER STATISTICS FOR ESTABLISHED HOMES,3019
212,Aug 2015,0.0,0.0,0.0,0.0,0.0,0.0,0.0,0.0,FIRST HOME OWNER STATISTICS FOR ESTABLISHED HOMES,3019
213,Sep 2015,0.0,0.0,0.0,0.0,0.0,0.0,0.0,0.0,FIRST HOME OWNER STATISTICS FOR ESTABLISHED HOMES,3019
214,Oct 2015,0.0,0.0,0.0,0.0,0.0,0.0,0.0,0.0,FIRST HOME OWNER STATISTICS FOR ESTABLISHED HOMES,3019
215,Nov 2015,0.0,0.0,0.0,0.0,0.0,0.0,0.0,0.0,FIRST HOME OWNER STATISTICS FOR ESTABLISHED HOMES,3019
216,Dec 2015,0.0,0.0,0.0,0.0,0.0,0.0,0.0,0.0,FIRST HOME OWNER STATISTICS FOR ESTABLISHED HOMES,3019
217,Jan 2016,0.0,0.0,0.0,0.0,0.0,0.0,0.0,0.0,FIRST HOME OWNER STATISTICS FOR ESTABLISHED HOMES,3019
218,Feb 2016,0.0,0.0,0.0,0.0,0.0,0.0,0.0,0.0,FIRST HOME OWNER STATISTICS FOR ESTABLISHED HOMES,3019
219,Mar 2016,0.0,0.0,0.0,0.0,0.0,0.0,0.0,0.0,FIRST HOME OWNER STATISTICS FOR ESTABLISHED HOMES,3019
220,Apr 2016,0.0,0.0,0.0,0.0,0.0,0.0,0.0,0.0,FIRST HOME OWNER STATISTICS FOR ESTABLISHED HOMES,3019
221,May 2016,0.0,0.0,0.0,0.0,0.0,0.0,0.0,0.0,FIRST HOME OWNER STATISTICS FOR ESTABLISHED HOMES,3019
222,Jun 2016,0.0,0.0,0.0,0.0,0.0,0.0,0.0,0.0,FIRST HOME OWNER STATISTICS FOR ESTABLISHED HOMES,3019
225,Jul 2016,0.0,0.0,0.0,0.0,0.0,0.0,0.0,0.0,FIRST HOME OWNER STATISTICS FOR ESTABLISHED HOMES,3019
226,Aug 2016,0.0,0.0,0.0,0.0,0.0,0.0,0.0,0.0,FIRST HOME OWNER STATISTICS FOR ESTABLISHED HOMES,3019
227,Sep 2016,0.0,0.0,0.0,0.0,0.0,0.0,0.0,0.0,FIRST HOME OWNER STATISTICS FOR ESTABLISHED HOMES,3019
228,Oct 2016,0.0,0.0,0.0,0.0,0.0,0.0,0.0,0.0,FIRST HOME OWNER STATISTICS FOR ESTABLISHED HOMES,3019
229,Nov 2016,0.0,0.0,0.0,0.0,0.0,0.0,0.0,0.0,FIRST HOME OWNER STATISTICS FOR ESTABLISHED HOMES,3019
230,Dec 2016,0.0,0.0,0.0,0.0,0.0,0.0,0.0,0.0,FIRST HOME OWNER STATISTICS FOR ESTABLISHED HOMES,3019
231,Jan 2017,0.0,0.0,0.0,0.0,0.0,0.0,0.0,0.0,FIRST HOME OWNER STATISTICS FOR ESTABLISHED HOMES,3019
232,Feb 2017,0.0,0.0,0.0,0.0,0.0,0.0,0.0,0.0,FIRST HOME OWNER STATISTICS FOR ESTABLISHED HOMES,3019
233,Mar 2017,0.0,0.0,0.0,0.0,0.0,0.0,0.0,0.0,FIRST HOME OWNER STATISTICS FOR ESTABLISHED HOMES,3019
234,Apr 2017,0.0,0.0,0.0,0.0,0.0,0.0,0.0,0.0,FIRST HOME OWNER STATISTICS FOR ESTABLISHED HOMES,3019
235,May 2017,0.0,0.0,0.0,0.0,0.0,0.0,0.0,0.0,FIRST HOME OWNER STATISTICS FOR ESTABLISHED HOMES,3019
236,Jun 2017,0.0,0.0,0.0,0.0,0.0,0.0,0.0,0.0,FIRST HOME OWNER STATISTICS FOR ESTABLISHED HOMES,3019
239,Jul 2017,0.0,0.0,0.0,0.0,0.0,0.0,0.0,0.0,FIRST HOME OWNER STATISTICS FOR ESTABLISHED HOMES,3019
240,Aug 2017,0.0,0.0,0.0,0.0,0.0,0.0,0.0,0.0,FIRST HOME OWNER STATISTICS FOR ESTABLISHED HOMES,3019
241,Sep 2017,0.0,0.0,0.0,0.0,0.0,0.0,0.0,0.0,FIRST HOME OWNER STATISTICS FOR ESTABLISHED HOMES,3019
242,Oct 2017,0.0,0.0,0.0,0.0,0.0,0.0,0.0,0.0,FIRST HOME OWNER STATISTICS FOR ESTABLISHED HOMES,3019
243,Nov 2017,0.0,0.0,0.0,0.0,0.0,0.0,0.0,0.0,FIRST HOME OWNER STATISTICS FOR ESTABLISHED HOMES,3019
244,Dec 2017,0.0,0.0,0.0,0.0,0.0,0.0,0.0,0.0,FIRST HOME OWNER STATISTICS FOR ESTABLISHED HOMES,3019
245,Jan 2018,0.0,0.0,0.0,0.0,0.0,0.0,0.0,0.0,FIRST HOME OWNER STATISTICS FOR ESTABLISHED HOMES,3019
246,Feb 2018,0.0,0.0,0.0,0.0,0.0,0.0,0.0,0.0,FIRST HOME OWNER STATISTICS FOR ESTABLISHED HOMES,3019
247,Mar 2018,0.0,0.0,0.0,0.0,0.0,0.0,0.0,0.0,FIRST HOME OWNER STATISTICS FOR ESTABLISHED HOMES,3019
248,Apr 2018,0.0,0.0,0.0,0.0,0.0,0.0,0.0,0.0,FIRST HOME OWNER STATISTICS FOR ESTABLISHED HOMES,3019
